Robustness test to random failure

Node removal

network efficiency	number of connected components	size of largest island	average of shortest path lengths	average of weighted shortest path lengths
0.8690476190476191	1	21	1.2619047619047619	0.41263192747395266
0.8657894736842106	1	20	1.268421052631579	0.409228304103612
0.8538011695906432	1	19	1.2923976608187135	0.41357618674665597
0.8398692810457516	1	18	1.3202614379084967	0.41413998784624495
0.8419117647058824	1	17	1.3161764705882353	0.418713807465391
0.8583333333333333	1	16	1.2833333333333334	0.4235158087521655
0.8380952380952381	1	15	1.3238095238095238	0.4293927141686001
0.8571428571428571	1	14	1.2857142857142858	0.4366959906198619
0.8397435897435898	1	13	1.3205128205128205	0.4393490791810528
0.8181818181818182	1	12	1.3636363636363635	0.4549470200930829
0.8545454545454545	1	11	1.290909090909091	0.4402377869530935
0.9222222222222223	1	10	1.1555555555555554	0.4041892211461273
0.9722222222222222	1	9	1.0555555555555556	0.41581593021079405
0.9642857142857143	1	8	1.0714285714285714	0.38995759536800684
1.0	1	7	1.0	0.4109077661529367
1.0	1	6	1.0	0.46463290737207036
1.0	1	5	1.0	0.4505269327163675
1.0	1	4	1.0	0.4816319687917616
1.0	1	3	1.0	0.4210924092881241
1.0	1	2	1.0	0.4409597951085983
0	1	1	0	0


Edge removal

network efficiency	number of connected components	size of largest island	average of shortest path lengths	average of weighted shortest path lengths
0.8614718614718615	1	22	1.277056277056277	0.41018745358574554
0.8593073593073594	1	22	1.2813852813852813	0.41018745358574554
0.8571428571428571	1	22	1.2857142857142858	0.4142694858791494
0.854978354978355	1	22	1.29004329004329	0.41536019902649346
0.8528138528138528	1	22	1.2943722943722944	0.41536019902649346
0.8506493506493507	1	22	1.2987012987012987	0.41536019902649346
0.8484848484848485	1	22	1.303030303030303	0.4155813886584708
0.8463203463203464	1	22	1.3073593073593073	0.41698637892573676
0.8441558441558441	1	22	1.3116883116883118	0.41915062657838675
0.841991341991342	1	22	1.316017316017316	0.42038347115272207
0.8398268398268398	1	22	1.3203463203463204	0.4205838253321061
0.8376623376623377	1	22	1.3246753246753247	0.4227797415460647
0.8354978354978355	1	22	1.329004329004329	0.4227797415460647
0.8333333333333334	1	22	1.3333333333333333	0.42455479627068143
0.8311688311688312	1	22	1.3376623376623376	0.42455479627068143
0.829004329004329	1	22	1.341991341991342	0.42455479627068143
0.8268398268398268	1	22	1.3463203463203464	0.42627020140889155
0.8246753246753247	1	22	1.3506493506493507	0.42762604422411526
0.8225108225108225	1	22	1.354978354978355	0.42762604422411526
0.8203463203463204	1	22	1.3593073593073592	0.42762604422411526
0.8181818181818182	1	22	1.3636363636363635	0.4286707652191571
0.816017316017316	1	22	1.367965367965368	0.430087297712416
0.8138528138528138	1	22	1.3722943722943723	0.4301234952016875
0.8116883116883117	1	22	1.3766233766233766	0.43231218146816197
0.8095238095238095	1	22	1.380952380952381	0.4341203388619852
0.8073593073593074	1	22	1.3852813852813852	0.434671686177524
0.8051948051948052	1	22	1.3896103896103895	0.43861080757378135
0.803030303030303	1	22	1.393939393939394	0.4412924526315344
0.8008658008658008	1	22	1.3982683982683983	0.4416673967523076
0.7987012987012987	1	22	1.4025974025974026	0.44265013825302635
0.7965367965367965	1	22	1.406926406926407	0.44265013825302635
0.7943722943722944	1	22	1.4112554112554112	0.4446299112236679
0.7922077922077922	1	22	1.4155844155844155	0.4470667228289978
0.79004329004329	1	22	1.41991341991342	0.44943754622129384
0.7878787878787878	1	22	1.4242424242424243	0.4511391603673702
0.7857142857142857	1	22	1.4285714285714286	0.4527410928794791
0.7835497835497836	1	22	1.432900432900433	0.45274716055933417
0.7813852813852814	1	22	1.4372294372294372	0.45427296860646355
0.7792207792207793	1	22	1.4415584415584415	0.45427296860646355
0.7770562770562771	1	22	1.4458874458874458	0.45591843918918
0.7748917748917749	1	22	1.4502164502164503	0.4569058846641995
0.7727272727272727	1	22	1.4545454545454546	0.4569058846641995
0.7705627705627706	1	22	1.4588744588744589	0.45872940957164593
0.7676767676767677	1	22	1.4675324675324675	0.4613931843894919
0.7655122655122656	1	22	1.4718614718614718	0.46278882985606307
0.7633477633477634	1	22	1.4761904761904763	0.46654643402659246
0.7611832611832612	1	22	1.4805194805194806	0.47057419159130104
0.759018759018759	1	22	1.4848484848484849	0.4721443463093111
0.7561327561327561	1	22	1.4935064935064934	0.4721443463093111
0.753968253968254	1	22	1.4978354978354977	0.47329700295999527
0.7518037518037518	1	22	1.5021645021645023	0.47329700295999527
0.7496392496392495	1	22	1.5064935064935066	0.4793189792730744
0.7474747474747474	1	22	1.5108225108225108	0.4793189792730744
0.7453102453102453	1	22	1.5151515151515151	0.48005244506617356
0.7431457431457431	1	22	1.5194805194805194	0.4818350878633991
0.740981240981241	1	22	1.5238095238095237	0.48546178996014294
0.7388167388167388	1	22	1.5281385281385282	0.4858033263010703
0.7366522366522366	1	22	1.5324675324675325	0.4858033263010703
0.7344877344877344	1	22	1.5367965367965368	0.48892378940742015
0.7323232323232323	1	22	1.5411255411255411	0.48892378940742015
0.7294372294372293	1	22	1.5497835497835497	0.4921842810137127
0.7272727272727272	1	22	1.5541125541125542	0.4932561614739849
0.725108225108225	1	22	1.5584415584415585	0.4959376787931655
0.722222222222222	1	22	1.567099567099567	0.4959376787931655
0.7200577200577198	1	22	1.5714285714285714	0.49726260936921507
0.7178932178932177	1	22	1.5757575757575757	0.49726260936921507
0.7157287157287155	1	22	1.58008658008658	0.49894060258418493
0.7135642135642134	1	22	1.5844155844155845	0.5002643583825718
0.7070707070707066	1	22	1.6147186147186148	0.5075359514175262
0.7049062049062045	1	22	1.619047619047619	0.5075359514175262
0.7020202020202017	1	22	1.6277056277056277	0.5075359514175262
0.6998556998556994	1	22	1.632034632034632	0.5089026304661838
0.6976911976911973	1	22	1.6363636363636365	0.5147909398784368
0.6948051948051943	1	22	1.645021645021645	0.5147909398784368
0.6926406926406922	1	22	1.6493506493506493	0.5160737168538244
0.69047619047619	1	22	1.6536796536796536	0.5160737168538244
0.687590187590187	1	22	1.6623376623376624	0.5202940983143789
0.6854256854256848	1	22	1.6666666666666667	0.5227658520207936
0.6832611832611827	1	22	1.670995670995671	0.5257340107405267
0.6810966810966805	1	22	1.6753246753246753	0.5288758100874165
0.6789321789321784	1	22	1.6796536796536796	0.5303283607229902
0.6767676767676762	1	22	1.683982683982684	0.5303283607229902
0.674603174603174	1	22	1.6883116883116882	0.5303283607229902
0.672438672438672	1	22	1.6926406926406927	0.5335703811409873
0.6695526695526691	1	22	1.7012987012987013	0.5348192150604457
0.6666666666666663	1	22	1.70995670995671	0.5411484507196068
0.6645021645021641	1	22	1.7142857142857142	0.5444146091161182
0.662337662337662	1	22	1.7186147186147187	0.5454415554358023
0.659451659451659	1	22	1.7272727272727273	0.5469184137632307
0.6572871572871568	1	22	1.7316017316017316	0.5493504701530945
0.6544011544011541	1	22	1.7402597402597402	0.5566348642768003
0.652236652236652	1	22	1.7445887445887447	0.5566348642768003
0.6500721500721498	1	22	1.748917748917749	0.5578718659988057
0.6450216450216448	1	22	1.7705627705627707	0.5632694836781971
0.6428571428571426	1	22	1.774891774891775	0.5664536227833853
0.6392496392496388	1	22	1.7878787878787878	0.5670946705093302
0.6370851370851367	1	22	1.7922077922077921	0.567134319311704
0.6349206349206346	1	22	1.7965367965367964	0.5730653454008504
0.6327561327561325	1	22	1.800865800865801	0.5769181617620165
0.6298701298701296	1	22	1.8095238095238095	0.579810840119435
0.6277056277056274	1	22	1.8138528138528138	0.5849152967472104
0.6226551226551226	1	22	1.8398268398268398	0.5879921066440644
0.6183261183261182	1	22	1.8571428571428572	0.5896492184655938
0.6147186147186146	1	22	1.87012987012987	0.5913944034528247
0.6111111111111109	1	22	1.8831168831168832	0.5922061714697797
0.6046176046176046	1	22	1.9134199134199135	0.5989010211257323
0.5966810966810968	1	22	1.9567099567099566	0.6154622874399334
0.5930735930735932	1	22	1.9696969696969697	0.62274222698905
0.5562770562770568	2	21	1.8952380952380952	0.6066889953541914
0.5533910533910541	2	21	1.9047619047619047	0.6107875655404756
0.5505050505050512	2	21	1.9142857142857144	0.620430620562493
0.5432900432900442	2	21	1.957142857142857	0.6393082832403592
0.5086580086580091	3	20	1.8736842105263158	0.618844944643607
0.5046897546897551	3	20	1.894736842105263	0.6271835361353693
0.5010822510822515	3	20	1.9105263157894736	0.6379212103545722
0.497474747474748	3	20	1.9263157894736842	0.6481003339585535
0.4942279942279947	3	20	1.9421052631578948	0.650159950229675
0.4898989898989904	3	20	1.9631578947368422	0.6557471975898913
0.48665223665223717	3	20	1.9789473684210526	0.6696270689883694
0.48340548340548384	3	20	1.9947368421052631	0.6733998221707078
0.45310245310245323	4	19	1.8771929824561404	0.6421015448129636
0.44877344877344894	4	19	1.9005847953216375	0.6555114665403414
0.44660894660894673	4	19	1.9064327485380117	0.6714050295658711
0.4422799422799425	4	19	1.9298245614035088	0.6762540239128503
0.43939393939393956	4	19	1.9415204678362572	0.6798944554139609
0.435786435786436	4	19	1.95906432748538	0.6904588164627924
0.42821067821067865	4	19	2.0116959064327484	0.6965099845195194
0.4231601731601736	4	19	2.0409356725146197	0.7176022065441748
0.41847041847041894	4	19	2.0701754385964914	0.7364587269898935
0.4072150072150076	4	19	2.1871345029239766	0.8098720615026974
0.3979797979797984	4	19	2.2748538011695905	0.8521429598522523
0.39271284271284307	4	19	2.3157894736842106	0.8719826201600513
0.3891053391053395	4	19	2.3333333333333335	0.8833126430292048
0.3630591630591633	5	18	2.196078431372549	0.8385645685260159
0.35945165945165974	5	18	2.215686274509804	0.8385645685260159
0.3510822510822512	5	18	2.30718954248366	0.843294513966347
0.34639249639249653	5	18	2.3398692810457518	0.8782169787058803
0.3386002886002886	5	18	2.418300653594771	0.8849798933586649
0.292207792207792	6	16	2.175	0.8188216102905732
0.2867965367965366	6	16	2.225	0.8493745331282727
0.27994227994227966	6	16	2.3	0.8565621383380289
0.27525252525252497	6	16	2.341666666666667	0.9245823063145606
0.2655122655122653	6	16	2.5166666666666666	0.9753619612463597
0.2626262626262624	6	16	2.533333333333333	1.047761588912117
0.2575036075036073	6	16	2.6	1.0515798246476253
0.2511544011544009	6	16	2.675	1.071107954786787
0.24603174603174585	6	16	2.7416666666666667	1.1174312205287675
0.23376623376623373	6	16	2.9583333333333335	1.2099835527423612
0.2168418882704597	6	16	3.4916666666666667	1.3200918057004707
0.21359513502370647	6	16	3.5166666666666666	1.3231879561270625
0.19208925994640286	7	15	3.4285714285714284	1.2241033092597888
0.17047515976087416	8	14	3.3956043956043955	1.2174694910261172
0.16758915687487125	8	14	3.4175824175824174	1.2174694910261172
0.11399711399711403	9	8	2.107142857142857	0.8684416637313153
0.0966810966810967	10	8	2.107142857142857	0.8684416637313153
0.08261183261183261	11	7	1.9523809523809523	0.8758393129363358
0.07611832611832611	12	7	1.9523809523809523	0.8758393129363358
0.07070707070707072	12	7	2.2857142857142856	1.0915908619556165
0.06421356421356422	13	7	2.2857142857142856	1.0915908619556165
0.05988455988455989	14	7	2.2857142857142856	1.0915908619556165
0.05555555555555556	15	7	2.2857142857142856	1.0915908619556165
0.04329004329004328	16	6	2.1333333333333333	0.9446732745002311
0.03210678210678211	17	5	2.0	0.9555157361972307
0.023088023088023088	18	4	1.6666666666666667	0.9322019078407161
0.015151515151515152	19	3	1.3333333333333333	0.8447746244431952
0.008658008658008658	20	2	1.0	0.7975745406715823
0.004329004329004329	21	2	1.0	0.7975745406715823
